Simulation of Simon quantum algorithm.
bits = 2, simulations = 200
N	steps	time	time/steps
0	1	0.045	0.045
1	2	0.044	0.022
2	1	0.044	0.044
3	2	0.044	0.022
4	1	0.044	0.044
5	3	0.044	0.015
6	1	0.044	0.044
7	2	0.044	0.022
8	1	0.044	0.044
9	1	0.044	0.044
10	4	0.044	0.011
11	1	0.044	0.044
12	2	0.044	0.022
13	1	0.044	0.044
14	2	0.044	0.022
15	1	0.045	0.045
16	1	0.044	0.044
17	1	0.044	0.044
18	3	0.044	0.015
19	4	0.044	0.011
20	5	0.045	0.009
21	1	0.044	0.044
22	2	0.044	0.022
23	3	0.044	0.015
24	1	0.044	0.044
25	2	0.044	0.022
26	1	0.044	0.044
27	1	0.044	0.044
28	1	0.044	0.044
29	1	0.044	0.044
30	1	0.043	0.043
31	2	0.044	0.022
32	1	0.044	0.044
33	3	0.044	0.015
34	5	0.045	0.009
35	1	0.044	0.044
36	1	0.044	0.044
37	1	0.044	0.044
38	2	0.044	0.022
39	4	0.044	0.011
40	1	0.043	0.043
41	7	0.045	0.006
42	4	0.045	0.011
43	6	0.045	0.008
44	1	0.043	0.043
45	1	0.042	0.042
46	2	0.042	0.021
47	3	0.043	0.014
48	1	0.042	0.042
49	1	0.042	0.042
50	2	0.043	0.021
51	1	0.042	0.042
52	2	0.042	0.021
53	1	0.042	0.042
54	1	0.042	0.042
55	1	0.042	0.042
56	1	0.042	0.042
57	1	0.042	0.042
58	2	0.042	0.021
59	3	0.043	0.014
60	1	0.042	0.042
61	3	0.043	0.014
62	2	0.042	0.021
63	1	0.042	0.042
64	3	0.043	0.014
65	4	0.043	0.011
66	2	0.042	0.021
67	2	0.042	0.021
68	2	0.042	0.021
69	3	0.042	0.014
70	3	0.042	0.014
71	1	0.042	0.042
72	1	0.042	0.042
73	1	0.042	0.042
74	2	0.042	0.021
75	2	0.043	0.021
76	2	0.042	0.021
77	1	0.042	0.042
78	3	0.042	0.014
79	1	0.042	0.042
80	1	0.042	0.042
81	1	0.042	0.042
82	2	0.043	0.021
83	1	0.043	0.043
84	2	0.043	0.021
85	5	0.043	0.009
86	3	0.042	0.014
87	1	0.042	0.042
88	2	0.043	0.021
89	1	0.042	0.042
90	3	0.043	0.014
91	3	0.043	0.014
92	1	0.042	0.042
93	2	0.042	0.021
94	3	0.043	0.014
95	2	0.042	0.021
96	1	0.042	0.042
97	2	0.042	0.021
98	4	0.043	0.011
99	1	0.042	0.042
100	1	0.042	0.042
101	4	0.043	0.011
102	1	0.042	0.042
103	1	0.042	0.042
104	1	0.042	0.042
105	2	0.043	0.021
106	4	0.042	0.011
107	2	0.042	0.021
108	4	0.043	0.011
109	2	0.042	0.021
110	1	0.043	0.043
111	1	0.042	0.042
112	2	0.043	0.021
113	1	0.042	0.042
114	1	0.042	0.042
115	1	0.042	0.042
116	2	0.042	0.021
117	3	0.043	0.014
118	2	0.042	0.021
119	1	0.042	0.042
120	1	0.042	0.042
121	2	0.042	0.021
122	2	0.042	0.021
123	4	0.043	0.011
124	3	0.042	0.014
125	1	0.042	0.042
126	1	0.042	0.042
127	1	0.042	0.042
128	2	0.042	0.021
129	1	0.042	0.042
130	1	0.042	0.042
131	1	0.042	0.042
132	1	0.042	0.042
133	1	0.043	0.043
134	1	0.042	0.042
135	2	0.043	0.021
136	4	0.043	0.011
137	2	0.042	0.021
138	1	0.042	0.042
139	1	0.042	0.042
140	1	0.042	0.042
141	1	0.042	0.042
142	1	0.042	0.042
143	1	0.042	0.042
144	2	0.042	0.021
145	3	0.042	0.014
146	1	0.042	0.042
147	5	0.043	0.009
148	1	0.042	0.042
149	4	0.043	0.011
150	1	0.042	0.042
151	5	0.043	0.009
152	1	0.042	0.042
153	1	0.042	0.042
154	1	0.042	0.042
155	2	0.043	0.021
156	2	0.042	0.021
157	1	0.042	0.042
158	1	0.042	0.042
159	2	0.043	0.022
160	4	0.043	0.011
161	2	0.042	0.021
162	7	0.043	0.006
163	1	0.042	0.042
164	3	0.043	0.014
165	1	0.042	0.042
166	1	0.042	0.042
167	7	0.043	0.006
168	1	0.042	0.042
169	3	0.043	0.014
170	2	0.042	0.021
171	1	0.042	0.042
172	3	0.043	0.014
173	1	0.042	0.042
174	1	0.042	0.042
175	2	0.042	0.021
176	2	0.043	0.021
177	2	0.042	0.021
178	1	0.042	0.042
179	1	0.042	0.042
180	8	0.043	0.005
181	1	0.042	0.042
182	1	0.043	0.043
183	4	0.043	0.011
184	2	0.042	0.021
185	1	0.042	0.042
186	1	0.042	0.042
187	1	0.042	0.042
188	2	0.042	0.021
189	3	0.042	0.014
190	5	0.043	0.009
191	2	0.042	0.021
192	2	0.043	0.021
193	1	0.042	0.042
194	1	0.042	0.042
195	2	0.043	0.021
196	1	0.042	0.042
197	2	0.042	0.021
198	2	0.042	0.021
199	2	0.043	0.021
Analysis of simulated data.
Mean steps = 1.97
Var steps = 1.7891000000000004
Mean time/step = 0.029573651880952366
Var time/step = 0.00017874138312994235
Simulation of Simon quantum algorithm.
bits = 3, simulations = 200
N	steps	time	time/steps
0	7	0.053	0.008
1	2	0.051	0.026
2	3	0.052	0.017
3	2	0.051	0.026
4	3	0.052	0.017
5	3	0.052	0.017
6	4	0.052	0.013
7	3	0.052	0.017
8	7	0.054	0.008
9	3	0.052	0.017
10	3	0.052	0.017
11	2	0.051	0.025
12	3	0.052	0.017
13	3	0.052	0.017
14	2	0.051	0.025
15	5	0.053	0.011
16	3	0.051	0.017
17	3	0.052	0.017
18	5	0.053	0.011
19	5	0.053	0.011
20	2	0.051	0.026
21	2	0.051	0.025
22	7	0.053	0.008
23	6	0.054	0.009
24	2	0.051	0.026
25	3	0.052	0.017
26	4	0.053	0.013
27	3	0.051	0.017
28	3	0.052	0.017
29	3	0.051	0.017
30	2	0.051	0.026
31	3	0.051	0.017
32	2	0.051	0.025
33	3	0.052	0.017
34	3	0.052	0.017
35	2	0.051	0.025
36	2	0.051	0.026
37	4	0.052	0.013
38	4	0.052	0.013
39	11	0.056	0.005
40	6	0.054	0.009
41	3	0.051	0.017
42	2	0.051	0.026
43	3	0.052	0.017
44	2	0.051	0.025
45	3	0.052	0.017
46	4	0.052	0.013
47	3	0.052	0.017
48	2	0.051	0.026
49	4	0.052	0.013
50	3	0.052	0.017
51	6	0.055	0.009
52	2	0.051	0.025
53	2	0.052	0.026
54	6	0.054	0.009
55	3	0.052	0.017
56	4	0.052	0.013
57	2	0.051	0.026
58	2	0.051	0.025
59	3	0.051	0.017
60	2	0.051	0.025
61	3	0.052	0.017
62	4	0.052	0.013
63	3	0.052	0.017
64	7	0.053	0.008
65	2	0.051	0.025
66	2	0.052	0.026
67	2	0.051	0.025
68	6	0.053	0.009
69	3	0.052	0.017
70	3	0.052	0.017
71	5	0.052	0.010
72	3	0.052	0.017
73	6	0.053	0.009
74	7	0.054	0.008
75	4	0.052	0.013
76	3	0.051	0.017
77	3	0.051	0.017
78	7	0.054	0.008
79	4	0.053	0.013
80	2	0.051	0.026
81	2	0.051	0.026
82	6	0.053	0.009
83	3	0.051	0.017
84	2	0.051	0.026
85	4	0.052	0.013
86	3	0.051	0.017
87	2	0.051	0.026
88	3	0.052	0.017
89	2	0.051	0.026
90	2	0.051	0.026
91	3	0.052	0.017
92	3	0.051	0.017
93	3	0.052	0.017
94	3	0.052	0.017
95	3	0.051	0.017
96	2	0.051	0.026
97	3	0.051	0.017
98	3	0.052	0.017
99	3	0.052	0.017
100	2	0.051	0.026
101	3	0.052	0.017
102	3	0.052	0.017
103	2	0.051	0.025
104	5	0.053	0.011
105	3	0.052	0.017
106	3	0.051	0.017
107	2	0.052	0.026
108	4	0.052	0.013
109	10	0.055	0.006
110	4	0.052	0.013
111	2	0.051	0.025
112	2	0.051	0.026
113	2	0.051	0.026
114	3	0.052	0.017
115	2	0.051	0.025
116	3	0.052	0.017
117	3	0.052	0.017
118	2	0.051	0.026
119	4	0.053	0.013
120	2	0.051	0.026
121	5	0.053	0.011
122	2	0.051	0.026
123	2	0.051	0.026
124	3	0.052	0.017
125	4	0.053	0.013
126	3	0.053	0.018
127	4	0.053	0.013
128	2	0.053	0.026
129	2	0.053	0.026
130	2	0.052	0.026
131	3	0.053	0.018
132	3	0.053	0.018
133	7	0.055	0.008
134	4	0.053	0.013
135	4	0.053	0.013
136	2	0.052	0.026
137	2	0.054	0.027
138	3	0.054	0.018
139	2	0.055	0.027
140	4	0.056	0.014
141	3	0.055	0.018
142	2	0.053	0.026
143	2	0.052	0.026
144	2	0.054	0.027
145	3	0.056	0.019
146	3	0.054	0.018
147	2	0.054	0.027
148	4	0.053	0.013
149	2	0.052	0.026
150	2	0.053	0.026
151	5	0.053	0.011
152	2	0.053	0.026
153	8	0.056	0.007
154	4	0.054	0.014
155	2	0.053	0.026
156	3	0.053	0.018
157	3	0.052	0.017
158	4	0.054	0.013
159	4	0.054	0.013
160	2	0.053	0.027
161	2	0.053	0.026
162	2	0.054	0.027
163	6	0.057	0.010
164	3	0.053	0.018
165	3	0.053	0.018
166	2	0.053	0.026
167	5	0.055	0.011
168	5	0.053	0.011
169	2	0.052	0.026
170	2	0.053	0.026
171	3	0.054	0.018
172	4	0.054	0.014
173	2	0.052	0.026
174	2	0.052	0.026
175	2	0.053	0.026
176	3	0.053	0.018
177	2	0.052	0.026
178	3	0.053	0.018
179	3	0.053	0.018
180	3	0.054	0.018
181	2	0.052	0.026
182	3	0.056	0.019
183	3	0.053	0.018
184	2	0.054	0.027
185	3	0.054	0.018
186	2	0.054	0.027
187	4	0.057	0.014
188	3	0.056	0.019
189	2	0.055	0.028
190	4	0.054	0.013
191	5	0.056	0.011
192	3	0.054	0.018
193	2	0.053	0.027
194	3	0.054	0.018
195	2	0.053	0.027
196	3	0.053	0.018
197	3	0.055	0.018
198	8	0.058	0.007
199	3	0.057	0.019
Analysis of simulated data.
Mean steps = 3.265
Var steps = 2.3447750000000003
Mean time/step = 0.018657426928030275
Var time/step = 3.73433358884057e-05
Simulation of Simon quantum algorithm.
bits = 4, simulations = 200
N	steps	time	time/steps
0	3	0.069	0.023
1	4	0.069	0.017
2	4	0.068	0.017
3	4	0.068	0.017
4	5	0.069	0.014
5	5	0.068	0.014
6	3	0.065	0.022
7	8	0.076	0.009
8	4	0.067	0.017
9	6	0.072	0.012
10	5	0.071	0.014
11	4	0.066	0.016
12	5	0.069	0.014
13	4	0.067	0.017
14	3	0.066	0.022
15	3	0.065	0.022
16	4	0.067	0.017
17	4	0.066	0.017
18	3	0.065	0.022
19	4	0.066	0.017
20	5	0.069	0.014
21	4	0.067	0.017
22	3	0.069	0.023
23	6	0.071	0.012
24	3	0.065	0.022
25	3	0.065	0.022
26	6	0.070	0.012
27	3	0.065	0.022
28	6	0.073	0.012
29	4	0.067	0.017
30	4	0.067	0.017
31	3	0.065	0.022
32	9	0.078	0.009
33	5	0.068	0.014
34	3	0.065	0.022
35	4	0.068	0.017
36	5	0.069	0.014
37	3	0.066	0.022
38	5	0.074	0.015
39	3	0.069	0.023
40	5	0.069	0.014
41	7	0.074	0.011
42	4	0.066	0.017
43	4	0.066	0.017
44	5	0.069	0.014
45	5	0.069	0.014
46	4	0.068	0.017
47	5	0.068	0.014
48	5	0.069	0.014
49	6	0.070	0.012
50	3	0.065	0.022
51	5	0.068	0.014
52	4	0.067	0.017
53	4	0.066	0.017
54	3	0.066	0.022
55	5	0.069	0.014
56	4	0.068	0.017
57	4	0.067	0.017
58	6	0.071	0.012
59	5	0.068	0.014
60	4	0.066	0.017
61	6	0.071	0.012
62	3	0.065	0.022
63	9	0.074	0.008
64	4	0.066	0.016
65	3	0.066	0.022
66	4	0.067	0.017
67	4	0.066	0.017
68	5	0.070	0.014
69	9	0.079	0.009
70	7	0.073	0.010
71	3	0.065	0.022
72	4	0.067	0.017
73	3	0.065	0.022
74	4	0.067	0.017
75	3	0.065	0.022
76	3	0.065	0.022
77	4	0.066	0.017
78	6	0.070	0.012
79	3	0.065	0.022
80	3	0.065	0.022
81	3	0.065	0.022
82	5	0.068	0.014
83	3	0.066	0.022
84	3	0.065	0.022
85	3	0.065	0.022
86	3	0.065	0.022
87	3	0.065	0.022
88	4	0.066	0.017
89	3	0.066	0.022
90	4	0.066	0.017
91	3	0.065	0.022
92	3	0.066	0.022
93	5	0.070	0.014
94	5	0.068	0.014
95	5	0.071	0.014
96	6	0.076	0.013
97	4	0.069	0.017
98	4	0.066	0.017
99	6	0.070	0.012
100	4	0.068	0.017
101	5	0.069	0.014
102	3	0.065	0.022
103	3	0.065	0.022
104	5	0.069	0.014
105	6	0.072	0.012
106	9	0.076	0.008
107	3	0.065	0.022
108	3	0.065	0.022
109	8	0.072	0.009
110	3	0.066	0.022
111	3	0.067	0.022
112	3	0.065	0.022
113	4	0.067	0.017
114	5	0.069	0.014
115	3	0.065	0.022
116	5	0.069	0.014
117	5	0.070	0.014
118	4	0.068	0.017
119	3	0.065	0.022
120	3	0.066	0.022
121	6	0.070	0.012
122	3	0.067	0.022
123	4	0.067	0.017
124	5	0.068	0.014
125	4	0.068	0.017
126	4	0.067	0.017
127	4	0.067	0.017
128	4	0.067	0.017
129	3	0.068	0.023
130	3	0.065	0.022
131	4	0.067	0.017
132	3	0.065	0.022
133	5	0.067	0.013
134	3	0.065	0.022
135	4	0.066	0.016
136	6	0.070	0.012
137	6	0.072	0.012
138	6	0.070	0.012
139	4	0.067	0.017
140	6	0.071	0.012
141	5	0.068	0.014
142	7	0.072	0.010
143	11	0.082	0.007
144	8	0.075	0.009
145	5	0.068	0.014
146	4	0.068	0.017
147	4	0.066	0.016
148	3	0.065	0.022
149	4	0.067	0.017
150	4	0.067	0.017
151	6	0.072	0.012
152	6	0.070	0.012
153	6	0.070	0.012
154	5	0.069	0.014
155	7	0.069	0.010
156	3	0.065	0.022
157	4	0.066	0.016
158	4	0.067	0.017
159	6	0.071	0.012
160	8	0.076	0.009
161	3	0.065	0.022
162	3	0.065	0.022
163	3	0.065	0.022
164	3	0.065	0.022
165	6	0.071	0.012
166	3	0.065	0.022
167	5	0.070	0.014
168	4	0.066	0.017
169	6	0.072	0.012
170	4	0.070	0.018
171	6	0.072	0.012
172	5	0.074	0.015
173	3	0.065	0.022
174	4	0.068	0.017
175	7	0.071	0.010
176	4	0.068	0.017
177	5	0.068	0.014
178	6	0.070	0.012
179	3	0.065	0.022
180	5	0.070	0.014
181	4	0.067	0.017
182	4	0.067	0.017
183	4	0.068	0.017
184	4	0.067	0.017
185	3	0.065	0.022
186	5	0.068	0.014
187	4	0.068	0.017
188	7	0.073	0.010
189	3	0.065	0.022
190	3	0.066	0.022
191	7	0.072	0.010
192	5	0.068	0.014
193	6	0.070	0.012
194	5	0.068	0.014
195	5	0.070	0.014
196	5	0.069	0.014
197	5	0.069	0.014
198	5	0.069	0.014
199	5	0.068	0.014
Analysis of simulated data.
Mean steps = 4.49
Var steps = 2.1499000000000006
Mean time/step = 0.016434441487554085
Var time/step = 1.692544760423822e-05
Simulation of Simon quantum algorithm.
bits = 5, simulations = 200
N	steps	time	time/steps
0	5	0.113	0.023
1	6	0.114	0.019
2	7	0.121	0.017
3	4	0.108	0.027
4	4	0.108	0.027
5	4	0.108	0.027
6	5	0.113	0.023
7	4	0.108	0.027
8	5	0.111	0.022
9	6	0.111	0.018
10	5	0.112	0.022
11	4	0.108	0.027
12	4	0.110	0.028
13	8	0.130	0.016
14	6	0.119	0.020
15	4	0.109	0.027
16	5	0.113	0.023
17	11	0.153	0.014
18	5	0.111	0.022
19	4	0.107	0.027
20	6	0.117	0.020
21	9	0.126	0.014
22	5	0.114	0.023
23	4	0.107	0.027
24	5	0.113	0.023
25	6	0.119	0.020
26	7	0.127	0.018
27	4	0.107	0.027
28	4	0.108	0.027
29	6	0.118	0.020
30	4	0.108	0.027
31	5	0.111	0.022
32	5	0.110	0.022
33	4	0.107	0.027
34	6	0.112	0.019
35	8	0.125	0.016
36	5	0.112	0.022
37	5	0.113	0.023
38	5	0.113	0.023
39	4	0.108	0.027
40	6	0.118	0.020
41	4	0.107	0.027
42	5	0.113	0.023
43	10	0.128	0.013
44	4	0.108	0.027
45	6	0.116	0.019
46	4	0.108	0.027
47	4	0.107	0.027
48	11	0.146	0.013
49	6	0.118	0.020
50	4	0.107	0.027
51	5	0.113	0.023
52	5	0.113	0.023
53	5	0.113	0.023
54	5	0.109	0.022
55	5	0.113	0.023
56	4	0.107	0.027
57	7	0.121	0.017
58	6	0.115	0.019
59	4	0.107	0.027
60	5	0.113	0.023
61	5	0.113	0.023
62	6	0.120	0.020
63	4	0.107	0.027
64	5	0.113	0.023
65	6	0.122	0.020
66	8	0.128	0.016
67	5	0.110	0.022
68	7	0.127	0.018
69	4	0.108	0.027
70	5	0.113	0.023
71	6	0.116	0.019
72	4	0.107	0.027
73	4	0.107	0.027
74	5	0.111	0.022
75	4	0.107	0.027
76	4	0.107	0.027
77	4	0.107	0.027
78	11	0.141	0.013
79	6	0.120	0.020
80	8	0.122	0.015
81	9	0.141	0.016
82	11	0.153	0.014
83	7	0.128	0.018
84	5	0.113	0.023
85	9	0.139	0.015
86	5	0.113	0.023
87	6	0.113	0.019
88	8	0.130	0.016
89	4	0.108	0.027
90	5	0.110	0.022
91	6	0.116	0.019
92	5	0.113	0.023
93	7	0.125	0.018
94	8	0.135	0.017
95	9	0.136	0.015
96	5	0.113	0.023
97	6	0.120	0.020
98	4	0.108	0.027
99	6	0.116	0.019
100	7	0.124	0.018
101	4	0.107	0.027
102	4	0.107	0.027
103	8	0.123	0.015
104	5	0.111	0.022
105	4	0.108	0.027
106	8	0.124	0.016
107	6	0.120	0.020
108	4	0.107	0.027
109	4	0.107	0.027
110	4	0.108	0.027
111	4	0.107	0.027
112	4	0.108	0.027
113	4	0.108	0.027
114	6	0.116	0.019
115	5	0.113	0.023
116	6	0.115	0.019
117	4	0.107	0.027
118	5	0.114	0.023
119	8	0.128	0.016
120	5	0.114	0.023
121	4	0.108	0.027
122	6	0.114	0.019
123	11	0.136	0.012
124	4	0.107	0.027
125	5	0.109	0.022
126	5	0.113	0.023
127	6	0.120	0.020
128	5	0.113	0.023
129	4	0.107	0.027
130	4	0.107	0.027
131	4	0.108	0.027
132	5	0.109	0.022
133	4	0.107	0.027
134	4	0.108	0.027
135	12	0.171	0.014
136	6	0.120	0.020
137	5	0.111	0.022
138	4	0.107	0.027
139	6	0.121	0.020
140	6	0.117	0.020
141	6	0.113	0.019
142	4	0.108	0.027
143	5	0.114	0.023
144	4	0.108	0.027
145	6	0.111	0.019
146	4	0.108	0.027
147	8	0.132	0.016
148	5	0.113	0.023
149	5	0.109	0.022
150	5	0.113	0.023
151	7	0.119	0.017
152	6	0.118	0.020
153	5	0.114	0.023
154	8	0.121	0.015
155	4	0.108	0.027
156	6	0.115	0.019
157	4	0.107	0.027
158	8	0.126	0.016
159	6	0.115	0.019
160	5	0.114	0.023
161	7	0.122	0.017
162	6	0.120	0.020
163	5	0.114	0.023
164	5	0.110	0.022
165	6	0.118	0.020
166	5	0.113	0.023
167	4	0.107	0.027
168	5	0.113	0.023
169	6	0.117	0.020
170	5	0.114	0.023
171	6	0.117	0.019
172	7	0.119	0.017
173	5	0.114	0.023
174	5	0.114	0.023
175	11	0.141	0.013
176	8	0.133	0.017
177	5	0.113	0.023
178	4	0.108	0.027
179	6	0.120	0.020
180	8	0.129	0.016
181	11	0.154	0.014
182	4	0.107	0.027
183	4	0.108	0.027
184	5	0.114	0.023
185	5	0.114	0.023
186	5	0.109	0.022
187	4	0.107	0.027
188	5	0.111	0.022
189	7	0.117	0.017
190	7	0.124	0.018
191	4	0.109	0.027
192	6	0.117	0.019
193	7	0.123	0.018
194	5	0.113	0.023
195	5	0.113	0.023
196	8	0.125	0.016
197	4	0.108	0.027
198	4	0.108	0.027
199	4	0.108	0.027
Analysis of simulated data.
Mean steps = 5.585
Var steps = 3.0427750000000002
Mean time/step = 0.02191297604978355
Var time/step = 1.7243103560992238e-05
Simulation of Simon quantum algorithm.
bits = 6, simulations = 200
N	steps	time	time/steps
0	5	0.333	0.067
1	5	0.334	0.067
2	5	0.340	0.068
3	6	0.348	0.058
4	7	0.372	0.053
5	8	0.372	0.046
6	5	0.339	0.068
7	7	0.372	0.053
8	7	0.368	0.053
9	10	0.409	0.041
10	6	0.355	0.059
11	7	0.372	0.053
12	8	0.389	0.049
13	6	0.347	0.058
14	5	0.340	0.068
15	7	0.370	0.053
16	6	0.351	0.058
17	7	0.372	0.053
18	6	0.354	0.059
19	6	0.356	0.059
20	13	0.488	0.038
21	6	0.353	0.059
22	9	0.403	0.045
23	8	0.384	0.048
24	6	0.355	0.059
25	10	0.419	0.042
26	5	0.339	0.068
27	6	0.355	0.059
28	5	0.339	0.068
29	6	0.355	0.059
30	7	0.362	0.052
31	6	0.355	0.059
32	6	0.352	0.059
33	6	0.356	0.059
34	5	0.338	0.068
35	5	0.340	0.068
36	6	0.351	0.059
37	7	0.373	0.053
38	7	0.363	0.052
39	9	0.404	0.045
40	8	0.390	0.049
41	6	0.348	0.058
42	5	0.337	0.067
43	5	0.339	0.068
44	10	0.418	0.042
45	5	0.338	0.068
46	6	0.353	0.059
47	6	0.353	0.059
48	5	0.338	0.068
49	6	0.353	0.059
50	6	0.354	0.059
51	7	0.361	0.052
52	10	0.420	0.042
53	7	0.365	0.052
54	5	0.338	0.068
55	6	0.353	0.059
56	9	0.405	0.045
57	9	0.409	0.045
58	7	0.370	0.053
59	6	0.348	0.058
60	5	0.338	0.068
61	9	0.406	0.045
62	7	0.366	0.052
63	11	0.436	0.040
64	7	0.359	0.051
65	7	0.364	0.052
66	7	0.363	0.052
67	7	0.362	0.052
68	8	0.376	0.047
69	5	0.337	0.067
70	6	0.354	0.059
71	6	0.354	0.059
72	7	0.370	0.053
73	5	0.338	0.068
74	5	0.338	0.068
75	6	0.352	0.059
76	6	0.353	0.059
77	5	0.339	0.068
78	6	0.354	0.059
79	7	0.369	0.053
80	5	0.343	0.069
81	5	0.339	0.068
82	7	0.367	0.052
83	5	0.340	0.068
84	7	0.370	0.053
85	6	0.354	0.059
86	6	0.354	0.059
87	5	0.340	0.068
88	6	0.347	0.058
89	7	0.368	0.053
90	10	0.410	0.041
91	10	0.416	0.042
92	5	0.339	0.068
93	5	0.338	0.068
94	7	0.370	0.053
95	11	0.442	0.040
96	11	0.429	0.039
97	9	0.398	0.044
98	5	0.337	0.067
99	5	0.338	0.068
100	6	0.350	0.058
101	6	0.348	0.058
102	8	0.362	0.045
103	5	0.338	0.068
104	11	0.435	0.040
105	5	0.337	0.067
106	7	0.365	0.052
107	7	0.364	0.052
108	5	0.336	0.067
109	6	0.351	0.059
110	6	0.352	0.059
111	5	0.337	0.067
112	8	0.385	0.048
113	5	0.337	0.067
114	8	0.372	0.047
115	5	0.336	0.067
116	10	0.413	0.041
117	5	0.338	0.068
118	5	0.337	0.067
119	7	0.365	0.052
120	5	0.337	0.067
121	6	0.352	0.059
122	6	0.352	0.059
123	6	0.353	0.059
124	5	0.338	0.068
125	7	0.369	0.053
126	7	0.357	0.051
127	5	0.337	0.067
128	6	0.349	0.058
129	7	0.361	0.052
130	12	0.465	0.039
131	5	0.337	0.067
132	5	0.338	0.068
133	5	0.338	0.068
134	5	0.338	0.068
135	7	0.367	0.052
136	10	0.420	0.042
137	6	0.353	0.059
138	7	0.366	0.052
139	6	0.343	0.057
140	5	0.338	0.068
141	5	0.339	0.068
142	5	0.338	0.068
143	6	0.344	0.057
144	9	0.407	0.045
145	6	0.348	0.058
146	6	0.344	0.057
147	5	0.338	0.068
148	6	0.346	0.058
149	9	0.412	0.046
150	5	0.340	0.068
151	8	0.383	0.048
152	10	0.420	0.042
153	5	0.340	0.068
154	7	0.371	0.053
155	5	0.339	0.068
156	6	0.355	0.059
157	7	0.367	0.052
158	5	0.339	0.068
159	5	0.340	0.068
160	8	0.381	0.048
161	5	0.338	0.068
162	7	0.370	0.053
163	8	0.390	0.049
164	6	0.349	0.058
165	7	0.371	0.053
166	7	0.371	0.053
167	13	0.474	0.036
168	6	0.349	0.058
169	5	0.339	0.068
170	6	0.355	0.059
171	9	0.412	0.046
172	8	0.388	0.048
173	6	0.355	0.059
174	6	0.355	0.059
175	7	0.374	0.053
176	7	0.373	0.053
177	5	0.340	0.068
178	5	0.340	0.068
179	8	0.387	0.048
180	10	0.416	0.042
181	9	0.406	0.045
182	6	0.354	0.059
183	6	0.354	0.059
184	9	0.413	0.046
185	5	0.339	0.068
186	10	0.401	0.040
187	5	0.340	0.068
188	7	0.373	0.053
189	9	0.405	0.045
190	5	0.340	0.068
191	7	0.368	0.053
192	7	0.363	0.052
193	7	0.366	0.052
194	5	0.340	0.068
195	5	0.339	0.068
196	5	0.339	0.068
197	6	0.351	0.058
198	7	0.362	0.052
199	8	0.390	0.049
Analysis of simulated data.
Mean steps = 6.65
Var steps = 2.9675
Mean time/step = 0.05685380918799259
Var time/step = 7.946837143274471e-05
